# oST version 5.0 parameters


[image]

width
2448

height
2048

[ptgrey]

camera matrix
2406.442617 0.000000 1202.854654
0.000000 2412.285633 1021.264401
0.000000 0.000000 1.000000

distortion
-0.107492 0.199451 -0.000891 0.000976 0.000000

rectification
1.000000 0.000000 0.000000
0.000000 1.000000 0.000000
0.000000 0.000000 1.000000

projection
2388.249756 0.000000 1205.755648 0.000000
0.000000 2396.078125 1019.648151 0.000000
0.000000 0.000000 1.000000 0.000000
