# oST version 5.0 parameters


[image]

width
2040

height
1086

[narrow_stereo]

camera matrix
1491.380622 0.000000 1041.123623
0.000000 1493.154224 594.247698
0.000000 0.000000 1.000000

distortion
-0.128357 0.205574 0.002959 0.001020 0.000000

rectification
1.000000 0.000000 0.000000
0.000000 1.000000 0.000000
0.000000 0.000000 1.000000

projection
1470.154663 0.000000 1041.826056 0.000000
0.000000 1461.818481 596.901325 0.000000
0.000000 0.000000 1.000000 0.000000

