# oST version 5.0 parameters


[image]

width
2448

height
2048

[narrow_stereo]

camera matrix
3428.752959 0.000000 1274.310414
0.000000 3429.943051 1045.353139
0.000000 0.000000 1.000000

distortion
-0.341183 -0.067376 0.001476 -0.001787 0.000000

rectification
1.000000 0.000000 0.000000
0.000000 1.000000 0.000000
0.000000 0.000000 1.000000

projection
3093.501270 0.000000 1278.414051 0.000000
0.000000 3093.676289 1050.892875 0.000000
0.000000 0.000000 1.000000 0.000000

