image_width: 2448
image_height: 2048
camera_name: narrow_stereo
camera_matrix:
  rows: 3
  cols: 3
  data: [3602.380733, 0.000000, 1208.348894, 0.000000, 3615.060635, 992.675623, 0.000000, 0.000000, 1.000000]
distortion_model: plumb_bob
distortion_coefficients:
  rows: 1
  cols: 5
  data: [-0.371516, 0.019931, -0.000375, 0.002571, 0.000000]
rectification_matrix:
  rows: 3
  cols: 3
  data: [1.000000, 0.000000, 0.000000, 0.000000, 1.000000, 0.000000, 0.000000, 0.000000, 1.000000]
projection_matrix:
  rows: 3
  cols: 4
  data: [3433.480713, 0.000000, 1210.567765, 0.000000, 0.000000, 3500.246826, 990.126276, 0.000000, 0.000000, 0.000000, 1.000000, 0.000000]
