# oST version 5.0 parameters


[image]

width
2448

height
2048

[narrow_stereo]

camera matrix
3602.380733 0.000000 1208.348894
0.000000 3615.060635 992.675623
0.000000 0.000000 1.000000

distortion
-0.371516 0.019931 -0.000375 0.002571 0.000000

rectification
1.000000 0.000000 0.000000
0.000000 1.000000 0.000000
0.000000 0.000000 1.000000

projection
3433.480713 0.000000 1210.567765 0.000000
0.000000 3500.246826 990.126276 0.000000
0.000000 0.000000 1.000000 0.000000

