# oST version 5.0 parameters


[image]

width
2040

height
1086

[narrow_stereo]

camera matrix
1482.342684 0.000000 1004.669692
0.000000 1486.354117 583.260422
0.000000 0.000000 1.000000

distortion
-0.111144 0.182102 -0.000953 -0.001470 0.000000

rectification
1.000000 0.000000 0.000000
0.000000 1.000000 0.000000
0.000000 0.000000 1.000000

projection
1465.954102 0.000000 1002.618435 0.000000
0.000000 1460.225098 582.634933 0.000000
0.000000 0.000000 1.000000 0.000000

