image_width: 1920
image_height: 1080
camera_name: logitech_c920
camera_matrix:
  rows: 3
  cols: 3
  data: [1414.337085, 0.000000, 940.690963, 0.000000, 1413.585074, 559.468131, 0.000000, 0.000000, 1.000000]
distortion_model: plumb_bob
distortion_coefficients:
  rows: 1
  cols: 5
  data: [0.133346, -0.192149, 0.000166, -0.007123, 0.000000]
rectification_matrix:
  rows: 3
  cols: 3
  data: [1.000000, 0.000000, 0.000000, 0.000000, 1.000000, 0.000000, 0.000000, 0.000000, 1.000000]
projection_matrix:
  rows: 3
  cols: 4
  data: [1442.785767, 0.000000, 926.240111, 0.000000, 0.000000, 1455.767212, 559.658148, 0.000000, 0.000000, 0.000000, 1.000000, 0.000000]
