# oST version 5.0 parameters


[image]

width
640

height
480

[logitech_b500]

camera matrix
567.250017 0.000000 319.061030
0.000000 568.046005 211.211007
0.000000 0.000000 1.000000

distortion
-0.004553 -0.015001 0.002478 -0.004511 0.000000

rectification
1.000000 0.000000 0.000000
0.000000 1.000000 0.000000
0.000000 0.000000 1.000000

projection
565.750183 0.000000 316.476989 0.000000
0.000000 568.704224 211.978135 0.000000
0.000000 0.000000 1.000000 0.000000
