# oST version 5.0 parameters


[image]

width
2040

height
1086

[basler]

camera matrix
1487.006175 0.000000 1022.805235
0.000000 1487.708688 593.765679
0.000000 0.000000 1.000000

distortion
-0.103322 0.190644 0.000803 -0.001449 0.000000

rectification
1.000000 0.000000 0.000000
0.000000 1.000000 0.000000
0.000000 0.000000 1.000000

projection
1499.691895 0.000000 1019.600995 0.000000
0.000000 1500.145630 593.314533 0.000000
0.000000 0.000000 1.000000 0.000000

